Translation [ 
0.00574426 , 0.121565 , 0.0177207 , 
]
Pose params [ 
-0.0451742 , 0.106412 , 0.016005 , 
0.0428499 , 0.133894 , -0.0178636 , 
0.0923027 , -0.190185 , -0.036922 , 
0.026911 , 0.0408842 , 0.0309025 , 
0.00986358 , 0.0370446 , 0.0625854 , 
-0.0304559 , -0.158826 , -0.0426383 , 
-0.018835 , -0.0536032 , -0.035993 , 
0.284243 , -0.14586 , -0.166344 , 
0.276529 , 0.363364 , 0.206077 , 
-0.0395533 , -0.0660112 , -0.0325101 , 
-0.214427 , -0.034958 , 0.0352783 , 
-0.0954913 , -0.208695 , -0.0913641 , 
0.0521477 , -0.118038 , -0.0429574 , 
-0.0261914 , 0.0369079 , 0.0376214 , 
-0.0893985 , -0.132881 , -0.125214 , 
0.123443 , 0.124186 , 0.0695336 , 
-0.0325934 , 0.0362179 , -0.773377 , 
0.00975352 , -0.0527724 , 0.898981 , 
0.150425 , -0.00440989 , -0.0285244 , 
0.0934207 , 0.0171551 , 0.0120638 , 
0.0307273 , -0.0291063 , 0.0306135 , 
0.0860337 , -0.0021748 , 0.0491842 , 
-0.0364421 , 0.0607842 , -0.0538038 , 
0.058401 , -0.016044 , -0.0494621 , 
]
Shape (betas) params [ 
-0.36258 , 0.25648 , -0.872886 , -0.876787 , -0.946205 , -0.512201 , 0.0709366 , -0.26637 , -0.318428 , -0.181586 , 
]
Joints locations for posed and shaped model [
 0.00427059  -0.0877495   0.0405127
  0.0708305   -0.174381   0.0261899
 -0.0588465   -0.175171   0.0434584
-0.00201327   0.0115079   0.0190161
  0.0974479    -0.53016    0.016782
   -0.10081   -0.535556   0.0165492
-0.00406856    0.140785   0.0173212
  0.0939005   -0.903561  -0.0267225
  -0.102208   -0.908326  -0.0268148
0.000312631    0.190105   0.0410567
   0.117926   -0.988369   0.0642364
 -0.0982757   -0.984629   0.0736314
0.000754096     0.38834  -0.0239011
  0.0752613    0.300698 -0.00536495
 -0.0743269    0.300815 -0.00570174
 0.00397012    0.449962   0.0231708
   0.159679    0.332389   -0.020155
  -0.157202    0.342113  -0.0310534
   0.330696    0.148528   -0.043115
  -0.322471    0.160354  -0.0448837
   0.503945  -0.0129507  -0.0412548
  -0.501542  -0.0055678  -0.0451908
   0.555508  -0.0743419  -0.0514286
  -0.550599  -0.0696898  -0.0535521
]
