Translation [ 
0 , 0 , 0 , 
]
Pose params [ 
-0.059354 , -0.0836248 , 0.0227048 , 
0.0600042 , 0.00854647 , -0.190234 , 
0.0479078 , -0.00774322 , 0.123896 , 
0.00016655 , 0.0232025 , -0.010828 , 
-0.000985507 , -0.021982 , 0.193973 , 
-0.0551382 , 0.0208792 , -0.209674 , 
0.00016655 , 0.0232025 , -0.010828 , 
0.0783841 , -0.0844088 , -0.0563245 , 
0.214757 , 0.315666 , 0.164408 , 
0.00016655 , 0.0232025 , -0.010828 , 
0 , 0 , 0 , 
0 , 0 , 0 , 
-0.0131595 , -0.036875 , 0.0466961 , 
0 , 0 , 0 , 
0 , 0 , 0 , 
0 , 0 , 0 , 
-0.0779174 , 0.0768885 , -0.744835 , 
-0.0598242 , -0.0455889 , 0.759645 , 
-0.0051881 , 0.137536 , -0.0884406 , 
-0.00545037 , -0.129681 , 0.0617958 , 
0 , 0 , 0 , 
0 , 0 , 0 , 
0 , 0 , 0 , 
0 , 0 , 0 , 
]
Shape (betas) params [ 
0 , 0 , 0 , 0 , 0 , 0 , 0 , 0 , 0 , 0 , 
]
Joints locations for posed and shaped model [
-0.000876406    -0.211419    0.0278211
   0.0727025    -0.299497    0.0311183
  -0.0674303    -0.302215    0.0226915
 -0.00359253    -0.109726 -0.000670584
   0.0437395    -0.663776    0.0213404
  -0.0476674    -0.674193    0.0189316
 -0.00111383    0.0176476  -0.00972524
   0.0476163     -1.04732   -0.0218205
  -0.0559586      -1.0599   0.00177197
-7.29161e-05    0.0682694    0.0152775
   0.0485427     -1.11139    0.0900062
  -0.0445665     -1.12471      0.11227
  0.00123963     0.273267   -0.0465274
   0.0771916     0.182838   -0.0272201
  -0.0750662      0.18211   -0.0343553
 3.89513e-05      0.33908 -0.000875888
    0.162988     0.213127   -0.0350364
   -0.163708     0.215278   -0.0474114
    0.334619    0.0286987   -0.0585978
   -0.333376    0.0362686   -0.0635029
    0.494442    -0.145561   -0.0873123
   -0.503934    -0.137202   -0.0953838
    0.536093    -0.212241    -0.108146
   -0.551022    -0.201037    -0.113634
]
