69
-0.56471099 0.01872492 0.22258613 -0.61991796 -0.05498312 -0.19413628
 0.49558783 -0.00791745 0.02276433 0.85361956 -0.03847593 -0.20276325
 0.95040712 -0.01179725 0.13749453 -0.03454893 -0.02762933 -0.00530272
 0.02784089 0.05716008 -0.10663657 -0.04893262 -0.16270057 0.20584189
 0.01303769 -0.01649163 0.01351270 -0.27446182 0.21795673 0.13002655
 -0.12335177 0.11750236 -0.30353676 -0.04811480 0.06972277 -0.00833262
 -0.10087694 -0.29625410 -0.08602821 -0.11228174 0.32453099 0.02414720
 0.10181231 -0.00474224 0.02888830 -0.13939024 -0.38253883 -0.44841070
 -0.16602419 0.35266311 0.40636059 -0.03844800 -0.99468040 0.39529484
 -0.21677208 0.94422866 -0.40234923 0.00061914 -0.12766460 0.18290393
 0.06794663 0.08786259 -0.21852403 -0.14597135 -0.02386666 -0.12670563
 -0.08511516 0.09525977 0.16017712