3378
134
0 3512
1 3515
2 3514
3 3513
4 3516
5 3517
6 3519
7 3518
8 3520
9 3523
10 3522
11 3521
12 3524
13 3527
14 3526
15 3525
16 3528
17 3531
18 3530
19 3529
20 3532
21 3535
22 3534
23 3533
24 3536
25 3537
26 3539
27 3538
28 3540
29 3543
30 3542
31 3541
32 3544
33 3547
34 3546
35 3545
36 3548
37 3549
38 3550
39 3551
40 3552
41 3555
42 3554
43 3553
44 3556
45 3557
46 3560
47 3559
48 3558
49 3561
50 3564
51 3563
52 3562
53 3565
54 3566
55 3567
56 3570
57 3569
58 3568
59 3571
60 3574
61 3573
62 3572
63 3575
64 3578
65 3577
66 3576
67 3579
68 3582
69 3581
70 3580
71 3583
72 3585
73 3584
74 3586
75 3587
76 3590
77 3589
78 3588
79 3591
80 3594
81 3593
82 3592
83 3595
84 3597
85 3596
86 3598
87 3600
88 3599
89 3601
90 3602
91 3603
92 3606
93 3605
94 3604
95 3607
96 3608
97 3609
98 3610
99 3611
100 3613
101 3612
102 3615
103 3614
104 3617
105 3616
106 3618
107 3621
108 3620
109 3619
110 3622
111 3625
112 3624
113 3623
114 3626
115 3629
116 3628
117 3627
118 3630
119 3633
120 3632
121 3631
122 3634
123 3637
124 3636
125 3635
126 3638
127 3641
128 3640
129 3639
130 3643
131 3642
132 3644
133 3646
134 3645
135 3647
136 3648
137 3651
138 3650
139 3649
140 3652
141 3653
142 3654
143 3655
144 3658
145 3657
146 3656
147 3659
148 3661
149 3660
150 3662
151 3665
152 3664
153 3663
154 3666
155 3667
156 3669
157 3668
158 3670
159 3673
160 3672
161 3671
162 3674
163 3677
164 3676
165 3675
166 3678
167 3681
168 3680
169 3679
170 3683
171 3682
172 3685
173 3684
174 3687
175 3686
176 3688
177 3689
178 3690
179 3693
180 3692
181 3691
182 3694
183 3695
184 3696
185 3699
186 3698
187 3697
188 3700
189 3703
190 3702
191 3701
192 3705
193 3704
194 3706
195 3707
196 3708
197 3709
198 3711
199 3710
200 3712
201 3715
202 3714
203 3713
204 3716
205 3717
206 3718
207 3721
208 3720
209 3719
210 3722
211 3725
212 3724
213 3723
214 3726
215 3729
216 3728
217 3727
218 3730
219 3731
220 3732
221 3733
222 3734
223 3736
224 3735
225 3737
226 3738
227 3739
228 3740
229 3743
230 3742
231 3741
232 3744
233 3747
234 3746
235 3745
236 3748
237 3751
238 3750
239 3749
240 3752
241 3754
242 3753
243 3755
244 3756
245 3757
246 3758
247 3759
248 3760
249 3762
250 3761
251 3763
252 3766
253 3765
254 3764
255 3767
256 3769
257 3768
258 3770
259 3771
260 3772
261 3773
262 3776
263 3775
264 3774
265 3777
266 3778
267 3779
268 3780
269 3782
270 3781
271 3784
272 3783
273 3785
274 3786
275 3787
276 3789
277 3788
278 3790
279 3793
280 3792
281 3791
282 3794
283 3795
284 3796
285 3797
286 3798
287 3801
288 3800
289 3799
290 3802
291 3803
292 3806
293 3805
294 3804
295 3807
296 3808
297 3809
298 3810
299 3811
300 3812
301 3813
304 3815
305 3814
306 3816
307 3819
308 3818
309 3817
310 3820
311 3823
312 3822
313 3821
314 3824
315 3826
316 3825
317 3828
318 3827
319 3829
320 3831
321 3830
322 3832
323 3833
324 3835
325 3834
326 3836
327 3837
328 3838
333 3840
334 3839
337 3841
338 3842
339 3843
340 3844
341 3847
342 3846
343 3845
344 3848
345 3850
346 3849
347 3851
348 3854
349 3853
350 3852
351 3856
352 3855
353 3857
354 3860
355 3859
356 3858
357 3861
358 3862
359 3863
360 3865
361 3864
362 3866
363 3869
364 3868
365 3867
366 3870
367 3873
368 3872
369 3871
370 3874
371 3877
372 3876
373 3875
374 3880
375 3879
376 3878
377 3881
378 3884
379 3883
380 3882
381 3886
382 3885
383 3887
386 3889
387 3888
388 3890
389 3891
390 3892
391 3893
392 3894
393 3895
394 3896
395 3897
396 3898
397 3899
398 3900
399 3902
400 3901
401 3903
402 3906
403 3905
404 3904
405 3908
406 3907
407 3909
415 3911
416 3910
417 3912
418 3915
419 3914
420 3913
421 3916
422 3917
423 3918
424 3919
425 3920
426 3921
427 3922
428 3923
429 3924
430 3925
431 3927
432 3926
433 3928
434 3929
435 3930
436 3931
437 3933
438 3932
440 3934
441 3935
442 3937
443 3936
447 3938
448 3941
449 3940
450 3939
451 3942
452 3943
453 3944
454 3946
455 3945
456 3947
458 3948
459 3949
461 3950
462 3951
464 3952
465 3955
466 3954
467 3953
468 3956
469 3959
470 3958
471 3957
472 3960
473 3961
474 3963
475 3962
476 3965
477 3964
478 3967
479 3966
480 3969
481 3968
482 3971
483 3970
484 3972
485 3973
486 3975
487 3974
488 3977
489 3976
490 3979
491 3978
492 3981
493 3980
494 3983
495 3982
496 3985
497 3984
498 3986
499 3987
500 3988
501 3991
502 3990
503 3989
504 3994
505 3993
506 3992
507 3995
508 3997
509 3996
510 3998
511 3999
512 4000
513 4001
514 4002
515 4003
516 4004
517 4005
518 4007
519 4006
520 4008
521 4009
522 4010
523 4011
524 4012
525 4013
526 4014
527 4015
528 4016
529 4017
530 4018
531 4019
532 4022
533 4021
534 4020
535 4024
536 4023
537 4026
538 4025
539 4027
540 4028
541 4029
542 4030
543 4031
544 4032
545 4035
546 4034
547 4033
548 4038
549 4037
550 4036
551 4039
552 4040
553 4041
554 4042
555 4045
556 4044
557 4043
558 4046
559 4047
560 4049
561 4048
562 4050
563 4051
564 4052
565 4054
566 4053
567 4055
568 4056
569 4057
570 4058
571 4061
572 4060
573 4059
574 4063
575 4062
576 4064
577 4065
578 4068
579 4067
580 4066
581 4069
582 4070
583 4071
584 4072
585 4075
586 4074
587 4073
588 4076
589 4079
590 4078
591 4077
592 4080
593 4081
594 4082
595 4085
596 4084
597 4083
598 4086
599 4089
600 4088
601 4087
602 4090
603 4093
604 4092
605 4091
606 4094
607 4097
608 4096
609 4095
610 4098
611 4101
612 4100
613 4099
614 4102
615 4105
616 4104
617 4103
618 4106
619 4109
620 4108
621 4107
622 4110
623 4113
624 4112
625 4111
626 4114
627 4117
628 4116
629 4115
630 4118
631 4121
632 4120
633 4119
634 4122
635 4125
636 4124
637 4123
638 4126
639 4129
640 4128
641 4127
642 4130
643 4133
644 4132
645 4131
646 4134
647 4135
648 4136
649 4139
650 4138
651 4137
652 4141
653 4140
654 4142
655 4145
656 4144
657 4143
658 4146
659 4149
660 4148
661 4147
662 4150
663 4153
664 4152
665 4151
666 4154
667 4155
668 4156
669 4159
670 4158
671 4157
672 4160
673 4163
674 4162
675 4161
676 4164
677 4165
678 4166
679 4167
680 4168
681 4171
682 4170
683 4169
684 4172
685 4175
686 4174
687 4173
688 4176
689 4178
690 4177
691 4179
692 4180
693 4181
694 4182
695 4183
696 4186
697 4185
698 4184
699 4188
700 4187
701 4189
702 4190
703 4191
704 4192
705 4193
706 4194
707 4197
708 4196
709 4195
710 4199
711 4198
712 4200
713 4203
714 4202
715 4201
716 4204
717 4207
718 4206
719 4205
720 4208
721 4209
722 4210
723 4213
724 4212
725 4211
726 4214
727 4217
728 4216
729 4215
730 4218
731 4221
732 4220
733 4219
734 4222
735 4223
736 4225
737 4224
738 4226
739 4229
740 4228
741 4227
742 4230
743 4232
744 4231
745 4233
746 4236
747 4235
748 4234
749 4237
750 4240
751 4239
752 4238
753 4241
754 4244
755 4243
756 4242
757 4245
758 4248
759 4247
760 4246
761 4249
762 4252
763 4251
764 4250
765 4253
766 4256
767 4255
768 4254
769 4257
770 4260
771 4259
772 4258
773 4261
774 4264
775 4263
776 4262
777 4265
778 4268
779 4267
780 4266
781 4269
782 4271
783 4270
784 4272
785 4275
786 4274
787 4273
788 4276
789 4277
790 4278
791 4281
792 4280
793 4279
794 4283
795 4282
796 4284
797 4287
798 4286
799 4285
800 4288
801 4289
802 4290
803 4291
804 4294
805 4293
806 4292
807 4295
808 4298
809 4297
810 4296
811 4299
812 4302
813 4301
814 4300
815 4304
816 4303
817 4305
818 4306
819 4308
820 4307
821 4309
822 4311
823 4310
824 4312
825 4313
826 4314
827 4315
830 4317
831 4316
832 4318
833 4321
834 4320
835 4319
836 4322
837 4325
838 4324
839 4323
840 4326
841 4329
842 4328
843 4327
844 4331
845 4330
846 4332
847 4333
848 4336
849 4335
850 4334
851 4337
852 4340
853 4339
854 4338
855 4341
856 4343
857 4342
858 4344
859 4347
860 4346
861 4345
862 4348
863 4351
864 4350
865 4349
866 4352
867 4355
868 4354
869 4353
870 4357
871 4356
872 4359
873 4358
874 4360
875 4363
876 4362
877 4361
878 4364
879 4367
880 4366
881 4365
882 4368
883 4371
884 4370
885 4369
886 4373
887 4372
888 4374
889 4376
890 4375
891 4377
892 4380
893 4379
894 4378
895 4382
896 4381
897 4383
898 4386
899 4385
900 4384
901 4387
902 4389
903 4388
904 4391
905 4390
906 4392
907 4393
908 4394
909 4397
910 4396
911 4395
912 4398
913 4401
914 4400
915 4399
916 4403
917 4402
918 4406
919 4405
920 4404
921 4407
922 4410
923 4409
924 4408
925 4412
926 4411
927 4413
928 4415
929 4414
930 4416
931 4417
932 4418
933 4419
934 4422
935 4421
4420 936
937 4423
938 4424
939 4425
940 4426
941 4427
942 4429
943 4428
944 4430
945 4431
946 4434
947 4433
948 4432
949 4435
950 4438
951 4437
952 4436
953 4439
954 4442
955 4441
956 4440
957 4443
958 4444
959 4447
960 4446
961 4445
962 4448
963 4450
964 4449
965 4451
966 4454
967 4453
968 4452
969 4455
970 4458
971 4457
972 4456
973 4459
974 4460
975 4461
976 4464
977 4463
978 4462
979 4465
980 4466
981 4468
982 4467
983 4469
984 4470
985 4472
986 4471
987 4473
988 4476
989 4475
990 4474
991 4477
992 4480
993 4479
994 4478
995 4481
996 4484
997 4483
998 4482
999 4485
1000 4488
1001 4487
1002 4486
1003 4489
1004 4492
1005 4491
1006 4490
1007 4494
1008 4493
1009 4496
1010 4495
1011 4497
1012 4498
1013 4499
1014 4502
1015 4501
1016 4500
1017 4503
1018 4506
1019 4505
1020 4504
1021 4508
1022 4507
1023 4510
1024 4509
1025 4511
1026 4512
1027 4513
1028 4514
1029 4515
1030 4518
1031 4517
1032 4516
1033 4519
1034 4520
1035 4521
1036 4523
1037 4522
1038 4524
1039 4526
1040 4525
1041 4528
1042 4527
1043 4529
1044 4532
1045 4531
1046 4530
1047 4533
1048 4534
1049 4536
1050 4535
1051 4537
1052 4539
1053 4538
1054 4540
1055 4541
1056 4542
1057 4545
1058 4544
1059 4543
1060 4546
1061 4549
1062 4548
1063 4547
1064 4551
1065 4550
1066 4552
1067 4553
1068 4555
1069 4554
1070 4556
1071 4557
1072 4559
1073 4558
1074 4560
1075 4563
1076 4562
1077 4561
1078 4565
1079 4564
1080 4567
1081 4566
1082 4568
1083 4571
1084 4570
1085 4569
1086 4572
1087 4575
1088 4574
1089 4573
1090 4576
1091 4579
1092 4578
1093 4577
1094 4580
1095 4583
1096 4582
1097 4581
1098 4584
1099 4587
1100 4586
1101 4585
1102 4588
1103 4589
1104 4590
1105 4593
1106 4592
1107 4591
1108 4594
1109 4597
1110 4596
1111 4595
1112 4598
1113 4601
1114 4600
1115 4599
1116 4602
1117 4604
1118 4603
1119 4607
1120 4606
1121 4605
1122 4609
1123 4608
1124 4610
1125 4613
1126 4612
1127 4611
1128 4614
1129 4617
1130 4616
1131 4615
1132 4618
1133 4620
1134 4619
1135 4621
1136 4622
1137 4623
1138 4626
1139 4625
4624 1140
1141 4627
1142 4628
1143 4629
1144 4630
1145 4631
1146 4633
1147 4632
1148 4634
1149 4635
1150 4636
1151 4637
1152 4639
1153 4638
1154 4640
1155 4641
1156 4643
1157 4642
1158 4644
1159 4645
1160 4648
1161 4647
1162 4646
1163 4649
1164 4652
1165 4651
1166 4650
1167 4653
1168 4654
1169 4656
1170 4655
1171 4657
1172 4660
1173 4659
1174 4658
1175 4661
1176 4663
1177 4662
1178 4664
1179 4666
1180 4665
1181 4667
1182 4669
1183 4668
1184 4670
1185 4673
1186 4672
1187 4671
1188 4675
1189 4674
1190 4676
1191 4679
1192 4678
1193 4677
1194 4680
1195 4681
1196 4683
1197 4682
1198 4684
1199 4685
1200 4688
1201 4687
1202 4686
1203 4689
1204 4690
1205 4692
1206 4691
1207 4693
1211 4694
1212 4695
1213 4697
1214 4696
1215 4698
1216 4701
1217 4700
1218 4699
1219 4702
1220 4703
1221 4704
1222 4706
1223 4705
1224 4707
1225 4710
1226 4709
1227 4708
1228 4712
1229 4711
1230 4713
1231 4714
1232 4717
1233 4716
1234 4715
1235 4718
1236 4719
1237 4720
1238 4721
1239 4724
1240 4723
1241 4722
1242 4725
1243 4728
1244 4727
1245 4726
1246 4730
1247 4729
1248 4731
1249 4734
1250 4733
1251 4732
1252 4735
1253 4736
1254 4737
1255 4740
1256 4739
1257 4738
1258 4741
1259 4744
1260 4743
1261 4742
1262 4746
1263 4745
1264 4747
1265 4750
1266 4749
1267 4748
1268 4751
1269 4752
1270 4753
1271 4756
1272 4755
1273 4754
1274 4757
1275 4758
1276 4759
1277 4760
1279 4762
1280 4761
1281 4764
1282 4763
1283 4765
1284 4768
1285 4767
1286 4766
1287 4770
1288 4769
1289 4771
1290 4774
1291 4773
1292 4772
1293 4775
1294 4778
1295 4777
1296 4776
1297 4779
1298 4780
1299 4781
1300 4782
1301 4783
1302 4786
1303 4785
1304 4784
1307 4787
1308 4788
1309 4789
1310 4790
1311 4791
1312 4792
1313 4793
1314 4795
1315 4794
1316 4796
1317 4798
1318 4797
1319 4799
1320 4800
1321 4801
1322 4802
1323 4804
1324 4803
1327 4806
1328 4805
1331 4807
1332 4808
1333 4811
1334 4810
1335 4809
1336 4812
1337 4813
1338 4814
1339 4815
1340 4816
1341 4819
1342 4818
1343 4817
1344 4821
1345 4820
1346 4822
1347 4823
1348 4824
1349 4825
1350 4826
1351 4828
1352 4827
1354 4829
1355 4830
1356 4833
1357 4832
1358 4831
1359 4835
4834 1360
1361 4836
1362 4837
1365 4838
1366 4839
1367 4840
1368 4841
1369 4842
1370 4843
1371 4844
1372 4845
1373 4846
1374 4848
1375 4847
1376 4849
1377 4852
1378 4851
1379 4850
1380 4853
1381 4856
1382 4855
1383 4854
1384 4857
1385 4859
1386 4858
1387 4860
1388 4863
1389 4862
1390 4861
1391 4864
1392 4867
1393 4866
1394 4865
1395 4868
1396 4871
1397 4870
1398 4869
1399 4873
1400 4872
1401 4874
1402 4877
1403 4876
1404 4875
1405 4878
1406 4881
1407 4880
1408 4879
1409 4882
1410 4885
1411 4884
1412 4883
1413 4887
1414 4886
1415 4888
1416 4889
1417 4890
1418 4892
1419 4891
1420 4893
1421 4894
1422 4896
1423 4895
1424 4898
1425 4897
1426 4899
1427 4900
1428 4902
1429 4901
1430 4903
1431 4906
1432 4905
1433 4904
1434 4907
1435 4910
1436 4909
1437 4908
1438 4911
1439 4914
1440 4913
1441 4912
1442 4915
1443 4918
1444 4917
1445 4916
1446 4920
1447 4919
1448 4922
1449 4921
1450 4923
1451 4925
1452 4924
1453 4926
1454 4927
1455 4929
1456 4928
1457 4930
1458 4933
1459 4932
1460 4931
1461 4935
1462 4934
1463 4936
1464 4937
1465 4938
1466 4940
1467 4939
1468 4942
1469 4941
1470 4943
1471 4944
1472 4945
1473 4946
1474 4947
1475 4948
1477 4950
1478 4949
1479 4952
1480 4951
1481 4954
1482 4953
1483 4955
1484 4958
1485 4957
1486 4956
1487 4959
1488 4962
1489 4961
1490 4960
1491 4964
1492 4963
1493 4965
1494 4968
1495 4967
1496 4966
1497 4969
1498 4970
1499 4971
1500 4972
1501 4973
1502 4974
1503 4976
1504 4975
1505 4978
1506 4977
1507 4979
1508 4980
1509 4982
1510 4981
1511 4983
1512 4985
1513 4984
1514 4986
1516 4987
1517 4989
1518 4988
1519 4990
1520 4991
1521 4992
1522 4993
1523 4994
1524 4995
1525 4996
1526 4998
1527 4997
1528 4999
1529 5001
1530 5000
1531 5002
1532 5003
1533 5004
1534 5005
1535 5006
1536 5007
1537 5008
1538 5009
1541 5010
1542 5011
1543 5012
1544 5013
1545 5014
1546 5015
1547 5018
1548 5017
1549 5016
1550 5019
1551 5020
1552 5021
1553 5024
1554 5023
1555 5022
1556 5025
1557 5028
1558 5027
1559 5026
1560 5029
1561 5032
1562 5031
1563 5030
1564 5033
1565 5036
1566 5035
1567 5034
1568 5037
1569 5040
1570 5039
1571 5038
1572 5041
1573 5044
1574 5043
1575 5042
1576 5046
1577 5045
1578 5047
1579 5050
1580 5049
1581 5048
1582 5051
1583 5054
1584 5053
1585 5052
1586 5055
1587 5057
1588 5056
1589 5058
1590 5061
1591 5060
1592 5059
1593 5062
1594 5065
1595 5064
1596 5063
1597 5066
1598 5067
1599 5068
1600 5071
1601 5070
1602 5069
1603 5072
1604 5075
1605 5074
1606 5073
1607 5077
1608 5076
1609 5078
1610 5081
1611 5080
1612 5079
1613 5082
1614 5085
1615 5084
1616 5083
1617 5086
1618 5087
1619 5088
1620 5091
1621 5090
1622 5089
1623 5092
1624 5095
1625 5094
1626 5093
1627 5096
1628 5099
1629 5098
1630 5097
1631 5100
1632 5103
1633 5102
1634 5101
1635 5104
1636 5107
1637 5106
1638 5105
1639 5108
1640 5111
1641 5110
1642 5109
1643 5112
1644 5113
1645 5114
1646 5117
1647 5116
1648 5115
1649 5118
1650 5121
1651 5120
1652 5119
1653 5122
1654 5125
1655 5124
1656 5123
1657 5126
1658 5129
1659 5128
1660 5127
1661 5131
1662 5130
1663 5132
1664 5134
1665 5133
1666 5135
1667 5136
1668 5139
1669 5138
1670 5137
1671 5140
1672 5141
1673 5143
1674 5142
1675 5144
1676 5147
1677 5146
1678 5145
1679 5148
1680 5149
1681 5150
1682 5151
1683 5153
1684 5152
1685 5154
1686 5157
1687 5156
1688 5155
1689 5159
1690 5158
1691 5161
1692 5160
1693 5162
1694 5163
1695 5164
1696 5165
1697 5167
1698 5166
1699 5168
1700 5171
1701 5170
1702 5169
1703 5172
1704 5175
1705 5174
1706 5173
1707 5176
1708 5177
1709 5178
1710 5181
1711 5180
1712 5179
1713 5182
1714 5183
1715 5184
1716 5185
1717 5186
1718 5189
1719 5188
1720 5187
1721 5190
1722 5191
1723 5192
1724 5193
1725 5194
1726 5195
1727 5196
1728 5197
1729 5198
1730 5199
1731 5200
1732 5202
1733 5201
1734 5203
1735 5204
1736 5205
1737 5206
1738 5207
1739 5209
1740 5208
1741 5210
1742 5211
1743 5212
1744 5213
1745 5216
1746 5215
1747 5214
1748 5218
1749 5217
1750 5219
1751 5220
1752 5221
1753 5222
1756 5223
1757 5224
1758 5225
1759 5227
1760 5226
1761 5229
1762 5228
1763 5230
1764 5231
1765 5232
1766 5233
1767 5234
1770 5235
1771 5236
1772 5237
1773 5239
1774 5238
1775 5240
1776 5241
1777 5242
1778 5243
1779 5244
1780 5247
1781 5246
1782 5245
1785 5248
1786 5249
1787 5252
1788 5251
1789 5250
1790 5253
1791 5255
1792 5254
1793 5257
1794 5256
1795 5259
1796 5258
1797 5260
1798 5261
1799 5262
1800 5264
1801 5263
1802 5266
1803 5265
1804 5268
1805 5267
1808 5269
1809 5270
1810 5272
1811 5271
1812 5273
1813 5276
1814 5275
1815 5274
1816 5277
1817 5278
1818 5279
1819 5281
1820 5280
1821 5282
1822 5285
1823 5284
1824 5283
1825 5286
1826 5289
1827 5288
1828 5287
1829 5290
1830 5293
1831 5292
1832 5291
1833 5294
1834 5295
1835 5296
1836 5297
1837 5298
1838 5300
1839 5299
1840 5301
1841 5302
1842 5305
1843 5304
1844 5303
1845 5306
1846 5309
1847 5308
1848 5307
1849 5310
1850 5311
1851 5314
1852 5313
1853 5312
1854 5315
1855 5318
1856 5317
1857 5316
1858 5319
1859 5320
1860 5321
1861 5322
1862 5325
1863 5324
1864 5323
1865 5327
1866 5326
1867 5328
1868 5329
1869 5330
1870 5331
1871 5332
1872 5334
1873 5333
1874 5335
1875 5336
1876 5339
1877 5338
1878 5337
1879 5340
1880 5341
1881 5342
1882 5344
1883 5343
1884 5345
1885 5348
1886 5347
1887 5346
1888 5350
1889 5349
1890 5351
1891 5352
1892 5353
1893 5354
1894 5356
1895 5355
1896 5358
1897 5357
1898 5359
1899 5360
1900 5361
1901 5362
1902 5364
1903 5363
1904 5365
1905 5367
1906 5366
1907 5369
1908 5368
1909 5370
1910 5371
1911 5372
1912 5374
1913 5373
1914 5375
1915 5376
1916 5377
1917 5378
1918 5379
1919 5382
1920 5381
1921 5380
1922 5383
1923 5385
1924 5384
1925 5387
1926 5386
1927 5388
1928 5391
1929 5390
1930 5389
1931 5392
1932 5395
1933 5394
1934 5393
1935 5396
1936 5399
1937 5398
1938 5397
1939 5400
1940 5403
1941 5402
1942 5401
1943 5404
1944 5406
1945 5405
1946 5409
1947 5408
1948 5407
1949 5410
1950 5413
1951 5412
1952 5411
1953 5414
1954 5416
1955 5415
1956 5417
1957 5418
1958 5419
1959 5420
1960 5421
1961 5424
1962 5423
1963 5422
1964 5425
1965 5427
1966 5426
1967 5428
1968 5429
1969 5430
1970 5431
1971 5432
1972 5433
1973 5436
1974 5435
1975 5434
1976 5437
1977 5439
1978 5438
1979 5440
1980 5441
1981 5442
1982 5445
1983 5444
1984 5443
1985 5446
1986 5449
1987 5448
1988 5447
1989 5450
1990 5451
1991 5452
1992 5454
1993 5453
1994 5455
1995 5457
1996 5456
1997 5458
1998 5461
1999 5460
2000 5459
2001 5462
2002 5465
2003 5464
2004 5463
2005 5466
2006 5469
2007 5468
2008 5467
2009 5470
2010 5473
2011 5472
2012 5471
2013 5474
2014 5477
2015 5476
2016 5475
2017 5478
2018 5481
2019 5480
2020 5479
2021 5482
2022 5484
2023 5483
2024 5485
2025 5486
2026 5487
2027 5488
2028 5491
2029 5490
2030 5489
2031 5492
2032 5495
2033 5494
2034 5493
2035 5496
2036 5497
2037 5498
2038 5501
2039 5500
2040 5499
2041 5503
2042 5502
2043 5504
2044 5507
2045 5506
2046 5505
2047 5508
2048 5511
2049 5510
2050 5509
2051 5512
2052 5515
2053 5514
2054 5513
2055 5516
2056 5519
2057 5518
2058 5517
2059 5521
2060 5520
2061 5522
2062 5525
2063 5524
2064 5523
2065 5526
2066 5527
2067 5528
2068 5529
2069 5531
2070 5530
2071 5532
2072 5533
2073 5534
2074 5535
2075 5536
2076 5537
2077 5538
2078 5541
2079 5540
2080 5539
2081 5542
2082 5545
2083 5544
2084 5543
2085 5546
2086 5547
2087 5548
2088 5549
2089 5550
2090 5551
2091 5554
2092 5553
2093 5552
2094 5555
2095 5557
2096 5556
2097 5558
2098 5560
2099 5559
2100 5561
2101 5562
2102 5564
2103 5563
2104 5565
2105 5566
2106 5567
2107 5569
2108 5568
2109 5570
2110 5572
2111 5571
2112 5573
2113 5574
2114 5577
2115 5576
2116 5575
2117 5580
2118 5579
2119 5578
2120 5582
2121 5581
2122 5583
2123 5584
2124 5587
2125 5586
2126 5585
2127 5588
2128 5591
2129 5590
2130 5589
2131 5593
2132 5592
2133 5594
2134 5596
2135 5595
2136 5597
2137 5599
2138 5598
2139 5600
2140 5603
2141 5602
2142 5601
2143 5605
2144 5604
2145 5607
2146 5606
2147 5608
2148 5609
2149 5610
2150 5611
2151 5612
2152 5613
2153 5616
2154 5615
2155 5614
2156 5617
2157 5620
2158 5619
2159 5618
2160 5621
2161 5624
2162 5623
2163 5622
2164 5625
2165 5626
2166 5627
2167 5630
2168 5629
2169 5628
2170 5631
2171 5633
2172 5632
2173 5636
2174 5635
2175 5634
2176 5637
2177 5638
2178 5640
2179 5639
2180 5641
2181 5642
2182 5643
2183 5646
2184 5645
2185 5644
2186 5647
2187 5648
2188 5649
2189 5652
2190 5651
2191 5650
2192 5653
2193 5655
2194 5654
2195 5656
2196 5658
2197 5657
2198 5659
2199 5660
2200 5661
2201 5662
2202 5663
2203 5664
2204 5665
2205 5666
2206 5668
2207 5667
2208 5669
2209 5670
2210 5672
2211 5671
2212 5674
2213 5673
2214 5675
2215 5676
2216 5679
2217 5678
2218 5677
2219 5680
2220 5681
2221 5682
2222 5683
2223 5684
2224 5686
2225 5685
2226 5688
2227 5687
2228 5689
2229 5690
2230 5691
2231 5692
2232 5694
2233 5693
2234 5695
2235 5696
2236 5697
2237 5699
2238 5698
2239 5701
2240 5700
2241 5702
2242 5703
2243 5704
2244 5705
2245 5706
2246 5708
2247 5707
2248 5709
2249 5710
2250 5711
2251 5714
2252 5713
2253 5712
2254 5715
2255 5716
2256 5717
2257 5718
2258 5719
2259 5721
2260 5720
2261 5722
2262 5724
2263 5723
2264 5726
2265 5725
2266 5728
2267 5727
2268 5729
2269 5730
2270 5731
2271 5732
2272 5734
2273 5733
2274 5735
2275 5736
2276 5738
2277 5737
2278 5739
2279 5740
2280 5741
2281 5742
2282 5743
2283 5744
2284 5745
2285 5746
2286 5747
2287 5748
2288 5749
2289 5750
2290 5751
2291 5754
2292 5753
2293 5752
2294 5755
2295 5757
2296 5756
2297 5758
2298 5759
2299 5760
2300 5761
2301 5762
2302 5763
2303 5764
2304 5765
2305 5766
2306 5769
2307 5768
2308 5767
2309 5771
2310 5770
2311 5773
2312 5772
2313 5776
2314 5775
2315 5774
2316 5777
2317 5778
2318 5779
2319 5782
2320 5781
2321 5780
2322 5783
2323 5784
2324 5785
2325 5786
2326 5787
2327 5788
2328 5789
2329 5790
2330 5791
2331 5793
2332 5792
2333 5794
2334 5795
2335 5796
2336 5797
2337 5798
2338 5799
2339 5801
2340 5800
2341 5802
2342 5803
2343 5804
2344 5805
2345 5806
2346 5807
2347 5808
2348 5809
2349 5810
2350 5811
2351 5812
2352 5813
2353 5814
2354 5815
2355 5817
2356 5816
2357 5818
2358 5821
2359 5820
2360 5819
2361 5822
2362 5825
2363 5824
2364 5823
2365 5826
2366 5827
2367 5828
2368 5831
2369 5830
2370 5829
2371 5833
2372 5832
2373 5835
2374 5834
2375 5836
2376 5839
2377 5838
2378 5837
2379 5841
2380 5840
2381 5842
2382 5843
2383 5846
2384 5845
2385 5844
2386 5847
2387 5848
2388 5849
2389 5850
2390 5851
2391 5852
2392 5855
2393 5854
2394 5853
2395 5856
2396 5857
2397 5859
2398 5858
2399 5860
2400 5861
2401 5863
2402 5862
2403 5864
2404 5865
2405 5866
2406 5867
2407 5869
2408 5868
2409 5870
2410 5871
2411 5872
2412 5873
2413 5874
2414 5875
2415 5876
2416 5877
2417 5878
2418 5881
2419 5880
2420 5879
2421 5883
2422 5882
2423 5885
2424 5884
2425 5888
2426 5887
2427 5886
2428 5889
2429 5891
2430 5890
2431 5892
2432 5893
2433 5894
2434 5895
2435 5896
2436 5897
2437 5898
2438 5899
2439 5900
2440 5901
2441 5903
2442 5902
2443 5904
2444 5906
2445 5905
2446 5907
2447 5908
2448 5909
2449 5910
2450 5911
2451 5913
2452 5912
2453 5914
2454 5915
2455 5916
2456 5917
2457 5918
2458 5919
2459 5920
2460 5921
2461 5922
2462 5923
2463 5924
2464 5925
2465 5926
2466 5927
2467 5929
2468 5928
2469 5930
2470 5933
2471 5932
2472 5931
2473 5934
2474 5937
2475 5936
2476 5935
2477 5938
2478 5939
2479 5940
2480 5943
2481 5942
2482 5941
2483 5945
2484 5944
2485 5946
2486 5949
2487 5948
2488 5947
2489 5951
2490 5950
2491 5952
2492 5953
2493 5956
2494 5955
2495 5954
2496 5957
2497 5958
2498 5959
2499 5960
2500 5961
2501 5962
2502 5965
2503 5964
2504 5963
2505 5966
2506 5967
2507 5969
2508 5968
2509 5970
2510 5971
2511 5972
2512 5974
2513 5973
2514 5975
2515 5976
2516 5977
2517 5978
2518 5980
2519 5979
2520 5981
2521 5982
2522 5983
2523 5984
2524 5985
2525 5986
2526 5987
2527 5988
2528 5989
2529 5992
2530 5991
2531 5990
2532 5994
2533 5993
2534 5996
2535 5995
2536 5999
2537 5998
2538 5997
2539 6000
2540 6002
2541 6001
2542 6003
2543 6004
2544 6005
2545 6006
2546 6007
2547 6008
2548 6009
2549 6010
2550 6011
2551 6012
2552 6014
2553 6013
2554 6015
2555 6017
2556 6016
2557 6018
2558 6019
2559 6020
2560 6021
2561 6022
2562 6024
2563 6023
2564 6025
2565 6026
2566 6027
2567 6028
2568 6029
2569 6030
2570 6031
2571 6032
2572 6033
2573 6034
2574 6035
2575 6036
2576 6037
2577 6038
2578 6040
2579 6039
2580 6041
2581 6042
2582 6045
2583 6044
2584 6043
2585 6046
2586 6049
2587 6048
2588 6047
2589 6050
2590 6051
2591 6052
2592 6055
2593 6054
2594 6053
2595 6056
2596 6059
2597 6058
2598 6057
2599 6061
2600 6060
2601 6062
2602 6065
2603 6064
2604 6063
2605 6066
2606 6069
2607 6068
2608 6067
2609 6070
2610 6071
2611 6074
2612 6073
2613 6072
2614 6075
2615 6076
2616 6077
2617 6078
2618 6079
2619 6080
2620 6083
2621 6082
2622 6081
2623 6084
2624 6085
2625 6087
2626 6086
2627 6088
2628 6089
2629 6091
2630 6090
2631 6092
2632 6093
2633 6094
2634 6095
2635 6097
2636 6096
2637 6098
2638 6099
2639 6100
2640 6101
2641 6102
2642 6103
2643 6104
2644 6105
2645 6106
2646 6109
2647 6108
2648 6107
2649 6111
2650 6110
2651 6113
2652 6112
2653 6116
2654 6115
2655 6114
2656 6117
2657 6119
2658 6118
2659 6120
2660 6121
2661 6122
2662 6123
2663 6124
2664 6125
2665 6126
2666 6127
2667 6128
2668 6129
2669 6131
2670 6130
2671 6132
2672 6134
2673 6133
2674 6135
2675 6136
2676 6137
2677 6138
2678 6139
2679 6141
2680 6140
2681 6142
2682 6143
2683 6144
2684 6145
2685 6146
2686 6147
2687 6148
2688 6149
2689 6150
2690 6151
2691 6152
2692 6153
2693 6154
2694 6155
2695 6157
2696 6156
2697 6158
2698 6159
2699 6160
2700 6162
2701 6161
2702 6163
2703 6165
2704 6164
2705 6166
2706 6167
2707 6168
2708 6170
2709 6169
2710 6171
2711 6172
2712 6173
2713 6174
2714 6175
2715 6176
2716 6177
2717 6178
2718 6179
2719 6182
2720 6181
2721 6180
2722 6184
2723 6183
2724 6186
2725 6185
2726 6188
2727 6187
2728 6189
2729 6190
2730 6191
2731 6192
2732 6193
2733 6194
2734 6195
2735 6196
2736 6197
2737 6198
2738 6199
2739 6200
2740 6201
2741 6202
2742 6204
2743 6203
2744 6205
2745 6207
2746 6206
2747 6208
2748 6209
2749 6210
2750 6211
2751 6212
2752 6214
2753 6213
2754 6215
2755 6216
2756 6217
2757 6218
2758 6219
2759 6220
2760 6221
2761 6222
2762 6223
2763 6224
2764 6225
2765 6226
2766 6227
2767 6228
2768 6230
2769 6229
2770 6231
2771 6232
2772 6233
2773 6234
2774 6235
2775 6236
2776 6237
2777 6238
2778 6239
2779 6241
2780 6240
2781 6243
2782 6242
2783 6245
2784 6244
2785 6247
2786 6246
2787 6249
2788 6248
2789 6250
2790 6252
2791 6251
2792 6254
2793 6253
2794 6255
2795 6256
2796 6258
2797 6257
2798 6259
2799 6261
2800 6260
2801 6263
2802 6262
2803 6265
2804 6264
2805 6266
2806 6267
2807 6268
2808 6270
2809 6269
2810 6271
2811 6272
2812 6273
2813 6274
2814 6275
2815 6276
2816 6277
2817 6278
2818 6279
2819 6281
2820 6280
2821 6282
2822 6283
2823 6284
2824 6285
2825 6286
2826 6287
2827 6288
2828 6290
2829 6289
2830 6292
2831 6291
2832 6293
2833 6294
2834 6297
2835 6296
2836 6295
2837 6299
2838 6298
2839 6300
2840 6301
2841 6302
2842 6303
2843 6305
2844 6304
2845 6306
2846 6307
2847 6308
2848 6309
2849 6311
2850 6310
2851 6312
2852 6313
2853 6316
2854 6315
2855 6314
2856 6317
2857 6318
2858 6319
2859 6320
2860 6321
2861 6322
2862 6323
2863 6324
2864 6325
2865 6327
2866 6326
2867 6328
2868 6329
2869 6330
2870 6332
2871 6331
2872 6333
2873 6334
2874 6335
2875 6337
2876 6336
2879 6339
2880 6338
2881 6340
2882 6341
2883 6342
2884 6343
2885 6344
2886 6345
2887 6346
2888 6347
2889 6348
2890 6349
2891 6350
2892 6353
2893 6352
2894 6351
2895 6354
2896 6355
2897 6356
2898 6357
2899 6358
2900 6359
2901 6360
2902 6361
2903 6362
2904 6363
2905 6364
2906 6366
2907 6365
2908 6367
2909 6368
2910 6371
2911 6370
2912 6369
2913 6373
2914 6372
2915 6375
2916 6374
2917 6377
2918 6376
2919 6378
2920 6380
2921 6379
2922 6382
2923 6381
2924 6383
2925 6384
2926 6386
2927 6385
2928 6389
2929 6388
2930 6387
2931 6390
2932 6391
2933 6392
2934 6393
2935 6396
2936 6395
2937 6394
2938 6397
2939 6400
2940 6399
2941 6398
2942 6401
2943 6402
2944 6403
2945 6404
2946 6405
2947 6406
2948 6407
2949 6408
2950 6409
2951 6410
2952 6411
2953 6412
2954 6413
2955 6414
2956 6415
2957 6416
2958 6418
2959 6417
2960 6420
2961 6419
2962 6421
2963 6422
2964 6423
2965 6424
2966 6426
2967 6425
2968 6427
2969 6428
2970 6430
2971 6429
2972 6431
2973 6432
2974 6433
2975 6436
2976 6435
2977 6434
2978 6437
2979 6438
2980 6440
2981 6439
2982 6441
2983 6442
2984 6443
2985 6444
2986 6446
2987 6445
2988 6447
2989 6448
2990 6449
2991 6450
2992 6451
2993 6452
2994 6453
2995 6454
2996 6455
2997 6456
2998 6457
2999 6458
3000 6459
3001 6460
3002 6461
3003 6462
3004 6463
3005 6464
3006 6465
3007 6466
3008 6467
3009 6468
3010 6469
3011 6470
3013 6471
3018 6474
3019 6473
3020 6472
3025 6475
3026 6476
3030 6477
3031 6480
3032 6479
3033 6478
3034 6481
3035 6484
3036 6483
3037 6482
3038 6486
3039 6485
3040 6488
3041 6487
3042 6489
3043 6490
3044 6491
3045 6492
3046 6493
3047 6494
3048 6495
3061 6497
3062 6496
3063 6498
3064 6500
3065 6499
3066 6501
3067 6502
3075 6503
3080 6504
3081 6505
3082 6507
3083 6506
3084 6509
3085 6508
3086 6510
3087 6511
3088 6513
3089 6512
3090 6514
3091 6515
3092 6516
3093 6518
3094 6517
3095 6519
3096 6520
3097 6521
3098 6523
3099 6522
3100 6524
3101 6525
3103 6526
3104 6528
3105 6527
3106 6529
3107 6532
3108 6531
3109 6530
3110 6534
3111 6533
3112 6535
3113 6536
3114 6537
3115 6538
3116 6540
3117 6539
3118 6541
3121 6542
3122 6544
3123 6543
3124 6545
3125 6546
6548 3126
3127 6547
3128 6549
3129 6550
3130 6551
3131 6553
3132 6552
3133 6554
3134 6555
3135 6556
3136 6557
3137 6558
3138 6559
3139 6560
3140 6561
3142 6562
3143 6564
3144 6563
3147 6565
3150 6567
3151 6566
3152 6569
3153 6568
3154 6570
3155 6571
3156 6573
3157 6572
3174 6574
3175 6577
3176 6576
3177 6575
3178 6578
3179 6579
3180 6580
3181 6583
3182 6582
3183 6581
3184 6584
3185 6585
3186 6588
3187 6587
3188 6586
3189 6589
3190 6590
3191 6591
3192 6592
3193 6593
3194 6594
3195 6595
3196 6597
3197 6596
3198 6598
3199 6599
3200 6600
3201 6601
3202 6602
3203 6603
3204 6604
3205 6606
3206 6605
3207 6607
3208 6608
3209 6609
3210 6610
3211 6611
3212 6614
3213 6613
3214 6612
3215 6615
3216 6618
3217 6617
3218 6616
3219 6619
3220 6622
3221 6621
3222 6620
3223 6623
3224 6626
3225 6625
3226 6624
3227 6627
3228 6630
3229 6629
3230 6628
3231 6631
3232 6634
3233 6633
3234 6632
3235 6635
3236 6638
3237 6637
3238 6636
3239 6640
3240 6639
3241 6641
3242 6642
3243 6643
3244 6646
3245 6645
3246 6644
3247 6648
3248 6647
3249 6649
3250 6652
3251 6651
3252 6650
3253 6653
3254 6654
3255 6655
3256 6658
3257 6657
3258 6656
3259 6659
3260 6662
3261 6661
3262 6660
3263 6663
3264 6664
3265 6665
3266 6666
3267 6667
3268 6670
3269 6669
3270 6668
3271 6672
3272 6671
3273 6673
3274 6676
3275 6675
3276 6674
3277 6678
3278 6677
3279 6679
3280 6682
3281 6681
3282 6680
3283 6684
3284 6683
3285 6685
3286 6688
3287 6687
3288 6686
3289 6690
3290 6689
3291 6692
3292 6691
3293 6693
3294 6694
3295 6695
3296 6696
3297 6697
3298 6698
3299 6699
3300 6701
3301 6700
3302 6702
3303 6703
3304 6704
3305 6705
3306 6706
3307 6707
3308 6708
3309 6709
3310 6711
3311 6710
3312 6712
3313 6713
3314 6714
3315 6716
3316 6715
3317 6717
3318 6718
3319 6720
3320 6719
3321 6721
3322 6723
3323 6722
3324 6724
3325 6726
3326 6725
3327 6728
3328 6727
3329 6729
3330 6731
3331 6730
3332 6733
3333 6732
3334 6734
3335 6735
3336 6736
3337 6739
3338 6738
3339 6737
3340 6741
3341 6740
3342 6743
3343 6742
3344 6745
3345 6744
3346 6747
3347 6746
3348 6749
3349 6748
3350 6750
3351 6751
3352 6752
3353 6753
3354 6754
3355 6755
3356 6756
3357 6757
3358 6758
3359 6759
3360 6760
3361 6761
3362 6762
3363 6763
3364 6764
3365 6765
3366 6766
3367 6767
3368 6768
3369 6769
3370 6770
3371 6771
3372 6772
3373 6774
3374 6773
3375 6775
3376 6778
3377 6777
3378 6776
3379 6779
3380 6780
3381 6781
3382 6782
3383 6785
3384 6784
3385 6783
3386 6787
3387 6786
3388 6788
3389 6789
3390 6790
3391 6791
3392 6792
3393 6793
3394 6795
3395 6794
3396 6796
3397 6797
3398 6798
3399 6799
3400 6800
3401 6801
3402 6802
3403 6803
3404 6805
3405 6804
3406 6806
3407 6807
3408 6808
3409 6810
3410 6809
3411 6812
3412 6811
3413 6814
3414 6813
3415 6815
3416 6816
3417 6817
3418 6818
3419 6819
3420 6820
3421 6821
3422 6822
3423 6823
3424 6824
3425 6826
3426 6825
3427 6827
3428 6828
3429 6829
3430 6830
3431 6831
3432 6832
3433 6833
3434 6834
3435 6835
3436 6836
3437 6837
3438 6838
3439 6839
3440 6840
3441 6841
3442 6842
3443 6843
3444 6844
3445 6845
3446 6846
3447 6847
3448 6848
3449 6849
3450 6850
3451 6851
3452 6852
3453 6853
3454 6854
3455 6855
3456 6856
3457 6857
3458 6858
3459 6859
3460 6860
3461 6861
3462 6862
3463 6864
3464 6863
3465 6865
3466 6866
3467 6867
3468 6868
3469 6869
3472 6871
3473 6870
3474 6872
3475 6873
3476 6874
3477 6875
3478 6876
3479 6877
3480 6878
3483 6879
3485 6880
3486 6881
3487 6882
3488 6883
3489 6884
3490 6885
3491 6886
3492 6887
3493 6888
3494 6889
302
303
329
330
331
332
335
336
384
385
408
409
410
411
412
413
414
439
444
445
446
457
460
463
828
829
1208
1209
1210
1278
1305
1306
1325
1326
1329
1330
1353
1363
1364
1476
1515
1539
1540
1754
1755
1768
1769
1783
1784
1806
1807
2877
2878
3012
3014
3015
3016
3017
3021
3022
3023
3024
3027
3028
3029
3049
3050
3051
3052
3053
3054
3055
3056
3057
3058
3059
3060
3068
3069
3070
3071
3072
3073
3074
3076
3077
3078
3079
3102
3119
3120
3141
3145
3146
3148
3149
3158
3159
3160
3161
3162
3163
3164
3165
3166
3167
3168
3169
3170
3171
3172
3173
3470
3471
3481
3482
3484
3495
3496
3497
3498
3499
3500
3501
3502
3503
3504
3505
3506
3507
3508
3509
3510
3511
 